url,name,address,city,state,phone
https://www.beaconaccountingllc.com/,Results,"1203 4th St SW, Cullman, AL 35055",Cullman,AL,(256) 590-6840
http://www.jwilliamsoncpa.com/,Results,"418 1st Ave SE, Cullman, AL 35055",Cullman,AL,(256) 734-7393
